<?xml version="1.0"?>
<opencv_storage>
<calibration_Time>"03/10/14 12:33:23"</calibration_Time>
<nrOfFrames>25</nrOfFrames>
<image_Width>640</image_Width>
<image_Height>480</image_Height>
<board_Width>9</board_Width>
<board_Height>6</board_Height>
<square_Size>23.</square_Size>
<FixAspectRatio>1.</FixAspectRatio>
<!-- flags:  +fix_aspectRatio +fix_principal_point +zero_tangent_dist -->
<flagValue>14</flagValue>
<Camera_Matrix type_id="opencv-matrix">
  <rows>3</rows>
  <cols>3</cols>
  <dt>d</dt>
  <data>
    9.1420648364692511e+002 0. 3.1950000000000000e+002 0.
    9.1420648364692511e+002 2.3950000000000000e+002 0. 0. 1.</data></Camera_Matrix>
<Distortion_Coefficients type_id="opencv-matrix">
  <rows>5</rows>
  <cols>1</cols>
  <dt>d</dt>
  <data>
    2.5038829353026698e-001 -1.2500669440025327e+001 0. 0.
    1.3056838253442615e+002</data></Distortion_Coefficients>
<Avg_Reprojection_Error>1.7176486627582259e+000</Avg_Reprojection_Error>
<Per_View_Reprojection_Errors type_id="opencv-matrix">
  <rows>25</rows>
  <cols>1</cols>
  <dt>f</dt>
  <data>
    3.63498092e-001 3.85067672e-001 3.95676851e-001 3.59298140e-001
    3.98690373e-001 5.06206274e-001 4.57758516e-001 4.34118152e-001
    4.92894441e-001 5.43064654e-001 5.53661287e-001 4.59117591e-001
    4.14574802e-001 4.22627777e-001 6.84786737e-001 4.30347204e+000
    5.33859301e+000 4.14950800e+000 2.21580482e+000 5.99042296e-001
    4.78527397e-001 4.63475645e-001 4.38904375e-001 4.26277220e-001
    4.22363162e-001</data></Per_View_Reprojection_Errors>
<!-- a set of 6-tuples (rotation vector + translation vector) for each view -->
<Extrinsic_Parameters type_id="opencv-matrix">
  <rows>25</rows>
  <cols>6</cols>
  <dt>d</dt>
  <data>
    2.0979780394759132e-001 1.0899652682220974e-001
    2.5393762126468138e+000 5.3149333378168095e+001
    2.9685298650115659e+001 6.3739671491563661e+002
    2.0840276134166033e-001 1.2183849505544038e-001
    2.5544505903642114e+000 5.4484836024874568e+001
    2.7835870143969910e+001 6.3935313554401318e+002
    2.5245582517694404e-001 1.2336995770916341e-001
    2.5575262463423356e+000 5.3637602634167223e+001
    2.8102234046989334e+001 6.3417128996754025e+002
    2.3409708026993756e-001 1.3254997685288250e-001
    2.5571519019961766e+000 5.5126205558044440e+001
    2.8795666095163551e+001 6.3248535758661967e+002
    2.1248507273203707e-001 1.3704403372553225e-001
    2.5614811339831705e+000 5.3306013345581640e+001
    3.0908482559023721e+001 6.2874576495193583e+002
    4.3366312648774696e-001 1.3621137906570124e-001
    2.5619752867078942e+000 4.0800133580276949e+001
    4.5522745083112277e+001 6.2076200587792118e+002
    9.8653970256362833e-001 1.7850197106360133e-001
    2.5965655236650806e+000 7.8328902342547423e+001
    5.6952125371444154e+001 6.5902250050386067e+002
    1.1066697118624376e+000 1.7460759042029309e-001
    2.5679307586625737e+000 8.0615683910401657e+001
    5.4965133737891300e+001 6.6352750615237551e+002
    1.1944696247006197e+000 1.8504831582566397e-001
    2.5595312776545427e+000 7.9790927403405846e+001
    5.8112639754640803e+001 6.5546094053224783e+002
    1.3816576317764868e+000 2.6397543799680590e-001
    2.5538113567416190e+000 7.8552997381277862e+001
    5.9035762866436009e+001 6.5621166589102756e+002
    1.3977623143259050e+000 2.6150885106871308e-001
    2.5458889211864202e+000 7.8721310511058633e+001
    5.8192150615222943e+001 6.5542738445945372e+002
    1.1598540942254467e+000 3.0008691543504246e-001
    2.6493948673994940e+000 8.2489464603375950e+001
    5.2912618588692361e+001 6.6893907380334588e+002
    7.0346610349745298e-001 1.1614019303860570e+000
    2.6511580424532002e+000 1.0546818223725256e+002
    2.6475278479077264e+001 7.0765024060233327e+002
    7.0819985680878983e-001 1.2003915467090684e+000
    2.6444468049761292e+000 1.0378247206454992e+002
    2.6855294844431150e+001 7.0794208274828361e+002
    7.0357792717769718e-001 1.2870309575325158e+000
    2.6264524048943398e+000 1.0216200706644483e+002
    2.7759256532865788e+001 7.0907739828009119e+002
    6.7531619531020293e-001 1.4101260829934941e+000
    2.5924559058445524e+000 1.0202914916133311e+002
    2.6809870670122219e+001 7.1317695612438854e+002
    6.2362132843703955e-001 1.4701348719493410e+000
    2.5633449038220877e+000 1.0272292860394649e+002
    2.5351161829326664e+001 7.2080564499583727e+002
    4.9919352958135427e-001 1.4339013797694933e+000
    2.5597971038257068e+000 1.0367371459926734e+002
    2.6303131580438514e+001 7.2461906729860095e+002
    3.0790112591035584e-001 1.3944861721704762e+000
    2.5420066621154342e+000 1.0078735834750931e+002
    2.9097203821607685e+001 7.3278170842123427e+002
    6.5037661254353007e-002 1.3711667905373568e+000
    2.4926863614399681e+000 9.3610868694560253e+001
    3.0654065640465205e+001 7.4624711935318282e+002
    -8.3181036219961701e-002 1.2776437821958393e+000
    2.4721087674192019e+000 8.5832614392682842e+001
    3.1412163505515956e+001 7.5313050429362659e+002
    -2.0077963299052015e-001 1.2225735731220069e+000
    2.4516263587724265e+000 7.8068910786366587e+001
    3.2059645646985480e+001 7.5823051056995928e+002
    -3.8397216002234541e-001 1.1589229114562374e+000
    2.4287358437085378e+000 6.5401208431299892e+001
    3.6699987364136987e+001 7.6843387698263973e+002
    -5.4666580946437637e-001 9.9149758217798722e-001
    2.4181784110189888e+000 5.2202788704994042e+001
    3.7214384063675084e+001 7.7999195251452079e+002
    -7.0170404236000450e-001 8.9457330731791962e-001
    2.3862638197424539e+000 4.0552976669484991e+001
    3.8769411651954790e+001 7.8783299430867828e+002</data></Extrinsic_Parameters>
