<?xml version="1.0"?>
<opencv_storage>
<calibration_Time>"03/10/14 12:42:22"</calibration_Time>
<nrOfFrames>25</nrOfFrames>
<image_Width>640</image_Width>
<image_Height>480</image_Height>
<board_Width>9</board_Width>
<board_Height>6</board_Height>
<square_Size>23.</square_Size>
<FixAspectRatio>1.</FixAspectRatio>
<!-- flags:  +fix_aspectRatio +fix_principal_point +zero_tangent_dist -->
<flagValue>14</flagValue>
<Camera_Matrix type_id="opencv-matrix">
  <rows>3</rows>
  <cols>3</cols>
  <dt>d</dt>
  <data>
    9.3017855271665439e+002 0. 3.1950000000000000e+002 0.
    9.3017855271665439e+002 2.3950000000000000e+002 0. 0. 1.</data></Camera_Matrix>
<Distortion_Coefficients type_id="opencv-matrix">
  <rows>5</rows>
  <cols>1</cols>
  <dt>d</dt>
  <data>
    -1.7578831263367503e-001 1.2345507463921843e+000 0. 0.
    -8.3881545494827527e+000</data></Distortion_Coefficients>
<Avg_Reprojection_Error>4.0872196083325013e-001</Avg_Reprojection_Error>
<Per_View_Reprojection_Errors type_id="opencv-matrix">
  <rows>25</rows>
  <cols>1</cols>
  <dt>f</dt>
  <data>
    2.57815599e-001 2.62148678e-001 2.82824725e-001 2.47151658e-001
    2.98177809e-001 4.21462864e-001 5.79020560e-001 3.94670635e-001
    4.33007568e-001 5.84985018e-001 4.83806849e-001 3.28945428e-001
    3.63726169e-001 2.89673805e-001 3.51912409e-001 2.95001656e-001
    6.37394786e-001 6.53874040e-001 5.35391033e-001 4.70157325e-001
    3.66778076e-001 2.45284393e-001 2.93751240e-001 3.72262180e-001
    2.87016332e-001</data></Per_View_Reprojection_Errors>
<!-- a set of 6-tuples (rotation vector + translation vector) for each view -->
<Extrinsic_Parameters type_id="opencv-matrix">
  <rows>25</rows>
  <cols>6</cols>
  <dt>d</dt>
  <data>
    -5.3222688078073607e-002 9.2387823895936749e-002
    -4.9519357178619766e-001 -1.5737519171196748e+001
    -6.1876781818660156e+001 6.5325313551604256e+002
    -4.8422591123981028e-002 6.6577205554261235e-002
    -5.3193380469399820e-001 -2.1987418864149195e+001
    -6.0350952599406327e+001 6.5863914390206799e+002
    -4.4038439872794773e-002 6.2166860753793407e-002
    -5.3390605306004613e-001 -2.2059261966216884e+001
    -6.0424692939810434e+001 6.5745110546292756e+002
    -4.3779548287647324e-002 6.6137670432747889e-002
    -5.3311264500913458e-001 -2.1806477714178207e+001
    -6.0724293476956710e+001 6.5770265187481141e+002
    -4.3264277498231439e-002 6.4002951371724973e-002
    -5.2826408200164765e-001 -2.2228230531283945e+001
    -6.0329688017440958e+001 6.5792476351945925e+002
    -2.3549782145640488e-002 7.9499366121917381e-002
    -4.8829854992553273e-001 -2.2760980215966043e+001
    -6.1173658366133779e+001 6.5666278949994410e+002
    1.3789945599457940e-001 -2.7231836535606163e-003
    -4.8074081705867605e-001 -2.6967287943398635e+001
    -3.4589994970203705e+001 6.1838017717364278e+002
    3.3624709718621720e-001 2.3988989058475803e-002
    -6.1699548585468011e-001 -3.5931824073982170e+001
    2.2004148010543950e+001 5.8563620975993285e+002
    5.2030877227961680e-001 7.4919802237330968e-002
    -7.5433612748937862e-001 -4.1504219108674100e+001
    5.4371490210381616e+001 5.7048602229152777e+002
    6.1790259054393948e-001 1.5277656097428693e-001
    -8.3932275246474908e-001 -5.0679190673660457e+001
    6.7326177128611221e+001 5.6812365478181266e+002
    5.3830442673908341e-001 2.3387023305714447e-001
    -1.4868599118669781e+000 -7.0232955012450574e+001
    1.2725197484734650e+002 5.7145161475886573e+002
    3.1954123090894865e-001 1.0938682903086222e-001
    -1.7291950112836103e+000 -6.5343731584374140e+001
    1.2606623672309283e+002 5.7888774876554544e+002
    3.0494895082323248e-001 9.3787144676887813e-002
    -1.7629507763765473e+000 -6.5192158582705474e+001
    1.2703174385617478e+002 5.7991390524118617e+002
    2.6412613227061366e-001 6.2600246168330695e-002
    -1.7993706788261024e+000 -6.3102032936704433e+001
    1.2642095570825418e+002 5.7912237601212803e+002
    2.3019562043544978e-001 6.1219744755208735e-002
    -1.8115070958936916e+000 -6.1762786030273212e+001
    1.2326261931640320e+002 5.8256173085875457e+002
    2.2784884088575791e-001 4.9344247481851941e-002
    -1.8123272571762639e+000 -6.0205530072968962e+001
    1.1636751977853795e+002 5.8464316994816159e+002
    2.1156332951393306e-001 4.3058648400634843e-002
    -1.8508254923076692e+000 -5.3840318693610570e+001
    1.1153888865564407e+002 5.8485342181695785e+002
    1.5538351567042089e-001 -1.6167343186427503e-002
    -1.9531570734441934e+000 -4.0856901174949506e+001
    1.0673344598589226e+002 5.7695503643257427e+002
    1.1877384816460861e-001 -1.2219550143720055e-001
    -2.1181273630588557e+000 -1.9308147755750447e+001
    1.0586129728836883e+002 5.5906742630591089e+002
    4.2806335847963978e-002 -1.5416400229940910e-001
    -2.2423935274554725e+000 -4.5131109182052276e+000
    1.0505927848054394e+002 5.5230650914671401e+002
    6.5640727335323112e-002 -1.9699883991739905e-001
    -2.3468256504516631e+000 1.0094813363111227e+001
    1.0268675586839895e+002 5.4628508163719778e+002
    6.3649991512049461e-002 -1.8963985531139657e-001
    -2.4020067913970564e+000 1.6651455557099460e+001
    1.0274593135028552e+002 5.4440823896418567e+002
    1.1206348896151855e-001 -1.9334934925994676e-001
    -2.4406821442039832e+000 2.3420573794918127e+001
    1.0181800310370829e+002 5.3886312576825685e+002
    1.4942497312260877e-001 -1.8789907805504061e-001
    -2.5005578850753998e+000 3.8810647964019672e+001
    9.5793445994118102e+001 5.3297375415544502e+002
    1.5552325084523266e-001 -1.8207751573969860e-001
    -2.5396909885299066e+000 4.5835005909316159e+001
    9.1132532869708996e+001 5.3321585067909359e+002</data></Extrinsic_Parameters>
