%YAML:1.0
cameraMatrix: !!opencv-matrix
   rows: 3
   cols: 3
   dt: d
   data: [ 1.8688541059362476e+003, 0., 5.6154524375061249e+002, 0.,
       1.8688541059362476e+003, 7.6507770700261517e+002, 0., 0., 1. ]
focalLength: 1.8688541059362476e+003
fov: [ 3.0642174681958920e+001, 2.3222318767733572e+001 ]
principalPoint: [ 5.6154524375061249e+002, 7.6507770700261517e+002 ]
imageSize: [ 1024, 768 ]
translationVector: !!opencv-matrix
   rows: 3
   cols: 1
   dt: d
   data: [ -9.9086131775648411e+001, -8.0427886449673505e+000,
       1.5111800350488029e+000 ]
rotationVector: !!opencv-matrix
   rows: 3
   cols: 1
   dt: d
   data: [ 1.8171502393861530e-001, 1.8973367038941916e-001,
       -6.7194242507635851e-003 ]
rotationMatrix: !!opencv-matrix
   rows: 3
   cols: 3
   dt: d
   data: [ 9.8208147655191114e-001, 2.3782087635355630e-002,
       1.8695022257628455e-001, 1.0497396755703006e-002,
       9.8356218291604880e-001, -1.8026435310057920e-001,
       -1.8816423165674026e-001, 1.7899677272264214e-001,
       9.6568855086922689e-001 ]
rotationAngleRadians: 2.6280100126657441e-001
rotationAngleDegrees: 1.5057387351989746e+001
rotationAxis: !!opencv-matrix
   rows: 3
   cols: 1
   dt: d
   data: [ 6.9145483869101065e-001, 7.2196707575311403e-001,
       -2.5568488013284547e-002 ]
euler: !!opencv-matrix
   rows: 3
   cols: 1
   dt: d
   data: [ 6.0146754980087280e-001, 1.0846275329589844e+001,
       1.0385735511779785e+001 ]
