%YAML:1.0
cameraMatrix: !!opencv-matrix
   rows: 3
   cols: 3
   dt: d
   data: [ 9.3916858097477916e+002, 0., 1.2460244569026029e+003, 0.,
       9.3916858097477916e+002, 5.9943352070798892e+002, 0., 0., 1. ]
focalLength: 9.3916858097477916e+002
fov: [ 9.1256870548943496e+001, 5.9795792377412326e+001 ]
principalPoint: [ 1.2460244569026029e+003, 5.9943352070798892e+002 ]
imageSize: [ 1920, 1080 ]
translationVector: !!opencv-matrix
   rows: 3
   cols: 1
   dt: d
   data: [ -4.1237684991678876e+001, -9.0185209662598869e+000,
       1.3618985004336506e+002 ]
rotationVector: !!opencv-matrix
   rows: 3
   cols: 1
   dt: d
   data: [ -2.8237707323455483e+000, -5.2989117387514183e-002,
       -7.9567679182465378e-001 ]
rotationMatrix: !!opencv-matrix
   rows: 3
   cols: 3
   dt: d
   data: [ 8.5386141996894871e-001, 9.0220436969566997e-002,
       5.1262164238513352e-001, -2.1447788443513957e-002,
       -9.7792798177839035e-001, 2.0783853065715865e-001,
       5.2005833120861888e-001, -1.8845990344862432e-001,
       -8.3307994630325954e-001 ]
rotationAngleRadians: 2.9342103797207852e+000
rotationAngleDegrees: 1.6811785888671875e+002
rotationAxis: !!opencv-matrix
   rows: 3
   cols: 1
   dt: d
   data: [ -9.6236137390198107e-001, -1.8059072298884222e-002,
       -2.7117237309356435e-001 ]
euler: !!opencv-matrix
   rows: 3
   cols: 1
   dt: d
   data: [ -1.2289667129516602e+000, -3.1344192504882812e+001,
       -1.6800146484375000e+002 ]
