%YAML:1.0
cameraMatrix: !!opencv-matrix
   rows: 3
   cols: 3
   dt: d
   data: [ 1.3591059401070959e+003, 0., 5.2922057991194538e+002, 0.,
       1.3591059401070959e+003, 5.9066170505843365e+002, 0., 0., 1. ]
focalLength: 1.3591059401070959e+003
fov: [ 4.1284613993370414e+001, 3.1554076814041920e+001 ]
principalPoint: [ 5.2922057991194538e+002, 5.9066170505843365e+002 ]
imageSize: [ 1024, 768 ]
translationVector: !!opencv-matrix
   rows: 3
   cols: 1
   dt: d
   data: [ -8.5740860842934026e+001, -5.6461689660933331e+001,
       -2.6139981945540331e+001 ]
rotationVector: !!opencv-matrix
   rows: 3
   cols: 1
   dt: d
   data: [ 3.1128237844774188e-002, 8.4942222423926045e-002,
       8.7989031895702400e-003 ]
rotationMatrix: !!opencv-matrix
   rows: 3
   cols: 3
   dt: d
   data: [ 9.9635620873219577e-001, -7.4656518181049607e-003,
       8.4962164307037180e-002, 1.0107933652946601e-002,
       9.9947716615673154e-001, -3.0711952210449377e-002,
       -8.4688458470282640e-002, 3.1458836186993994e-002,
       9.9591074229957333e-001 ]
rotationAngleRadians: 9.0893173775460093e-002
rotationAngleDegrees: 5.2077951431274414e+000
rotationAxis: !!opencv-matrix
   rows: 3
   cols: 1
   dt: d
   data: [ 3.4247057894218214e-001, 9.3452807175338481e-001,
       9.6804884504383126e-002 ]
euler: !!opencv-matrix
   rows: 3
   cols: 1
   dt: d
   data: [ 5.7915192842483521e-001, 4.8583593368530273e+000,
       1.7600320577621460e+000 ]
