<?xml version="1.0"?>
<opencv_storage>
<calibration_Time>"03/10/14 12:24:10"</calibration_Time>
<nrOfFrames>25</nrOfFrames>
<image_Width>640</image_Width>
<image_Height>480</image_Height>
<board_Width>9</board_Width>
<board_Height>6</board_Height>
<square_Size>23.</square_Size>
<FixAspectRatio>1.</FixAspectRatio>
<!-- flags:  +fix_aspectRatio +fix_principal_point +zero_tangent_dist -->
<flagValue>14</flagValue>
<Camera_Matrix type_id="opencv-matrix">
  <rows>3</rows>
  <cols>3</cols>
  <dt>d</dt>
  <data>
    8.8199476417117307e+002 0. 3.1950000000000000e+002 0.
    8.8199476417117307e+002 2.3950000000000000e+002 0. 0. 1.</data></Camera_Matrix>
<Distortion_Coefficients type_id="opencv-matrix">
  <rows>5</rows>
  <cols>1</cols>
  <dt>d</dt>
  <data>
    6.1750977903923809e-001 -3.3272649709810771e+001 0. 0.
    4.3634568034995527e+002</data></Distortion_Coefficients>
<Avg_Reprojection_Error>8.3212655639713240e-001</Avg_Reprojection_Error>
<Per_View_Reprojection_Errors type_id="opencv-matrix">
  <rows>25</rows>
  <cols>1</cols>
  <dt>f</dt>
  <data>
    7.55401134e-001 7.39002764e-001 6.21695220e-001 6.39503479e-001
    1.01509738e+000 1.11852598e+000 9.03770208e-001 7.73827970e-001
    6.20690286e-001 4.23217624e-001 7.49642193e-001 7.74011970e-001
    6.69833720e-001 6.12740457e-001 4.35532242e-001 4.44032729e-001
    7.49085188e-001 6.50091767e-001 8.91592920e-001 1.39208829e+000
    1.18149447e+000 1.02020323e+000 8.05614829e-001 8.50376248e-001
    1.11337423e+000</data></Per_View_Reprojection_Errors>
<!-- a set of 6-tuples (rotation vector + translation vector) for each view -->
<Extrinsic_Parameters type_id="opencv-matrix">
  <rows>25</rows>
  <cols>6</cols>
  <dt>d</dt>
  <data>
    -4.0308596491372868e-003 -3.1911270581297746e-001
    7.5813532675903447e-002 -9.1458885603455272e+001
    -6.0556687623612419e+001 6.2506414122621379e+002
    1.3871552832894274e-003 -3.0820927011596883e-001
    7.5691903454722917e-002 -9.1189262723373119e+001
    -5.9729172587970105e+001 6.2558354480159835e+002
    -1.0422064981167833e-002 -2.6672044916816701e-001
    7.6592898708047405e-002 -9.5260703163939155e+001
    -5.2940195555702807e+001 6.3388846404113588e+002
    2.5577046488513357e-002 -2.4199145708615419e-001
    7.5481733573286192e-002 -9.7894619364546813e+001
    -5.3066932309816117e+001 6.4514259720972439e+002
    -7.5361294275380856e-003 -6.0389656807181913e-001
    3.9946066883515235e-002 -8.1174657622893903e+001
    -7.7292134280886188e+001 6.9493555335316398e+002
    -1.4030670584585103e-002 -7.8156676248384804e-001
    -8.8296325164025757e-003 -5.6685462227925079e+001
    -7.3229230346736003e+001 7.2672526959052448e+002
    -1.0758120309802247e-001 -6.3149866256537324e-001
    -1.3520709459468332e-002 -5.4852386982843051e+001
    -7.6831164853014499e+001 8.3516017072356624e+002
    -7.6227996515915789e-002 -4.8137948115041068e-001
    7.9524243852287062e-003 -6.3429981228908638e+001
    -7.6817125140858522e+001 8.4516202801273766e+002
    3.8596388670266511e-002 -3.5337104338715564e-001
    4.0431408620307453e-002 -7.9949772751466071e+001
    -7.6601620502528561e+001 8.4073557174053872e+002
    1.4058663683888847e-001 -2.6613164910523757e-001
    -2.5081444766008559e-003 -1.0122010484179002e+002
    -6.9068839539357697e+001 8.3682943508853168e+002
    3.7915883426570818e-001 -2.4694715272866088e-001
    -1.1965259888200689e-002 -1.1156417906879722e+002
    -6.5502155516770031e+001 8.2042356988980168e+002
    4.3781198403890165e-001 -1.8487317060628983e-001
    -7.6978749077526665e-002 -1.2061909311193682e+002
    -6.4043490316697131e+001 8.2016627710181410e+002
    5.0047553869214245e-001 -1.1318471003040148e-001
    -2.4997110892816052e-001 -1.2880559876682156e+002
    -4.9489525358468292e+001 8.2119062820846932e+002
    4.8824346394744395e-001 -6.2798562954061526e-002
    -4.2897138295763970e-001 -1.3496472376002291e+002
    -3.5734731410267976e+001 8.2913416176794499e+002
    4.1887884973406914e-001 -2.1978536682606117e-002
    -5.7716300461995396e-001 -1.3902774091649411e+002
    -2.5235722647447577e+001 8.3731370025107049e+002
    4.0609557683356268e-001 -2.7223621927385371e-004
    -7.9493498063516010e-001 -1.4265657787996957e+002
    -6.8597254318338816e+000 8.4983079060531031e+002
    4.8758166973178468e-001 6.3578537361341489e-002
    -9.9099038975487574e-001 -1.3557870018373524e+002
    1.1591309850350678e+001 8.6087091110502683e+002
    5.1269896219212607e-001 2.4083925266986583e-001
    -1.1230309497558586e+000 -1.3160827250210258e+002
    2.5382124985366168e+001 8.7191129878499225e+002
    5.7907821898346656e-001 3.6331207869103449e-001
    -1.2286543866818418e+000 -1.2474864715174033e+002
    3.5000342250927481e+001 8.8105253465984993e+002
    6.0658868095448981e-001 4.6813446826074551e-001
    -1.2895668072107618e+000 -1.1729896534994369e+002
    3.6454882309484979e+001 8.9941222262318195e+002
    5.0798697988951480e-001 4.7263930740489180e-001
    -1.3457614207267874e+000 -1.0028520145601220e+002
    3.5697717124031385e+001 9.4001539159197023e+002
    4.6026291435008471e-001 3.9482834074919648e-001
    -1.3953503284369433e+000 -8.1509449660504288e+001
    3.7526447280334487e+001 9.8844851019304485e+002
    4.7484294045074116e-001 2.8275929027340241e-001
    -1.4293012507730656e+000 -7.9391047361222832e+001
    3.6488969111176615e+001 1.0212354296444349e+003
    5.0184245915654879e-001 1.7332638712622025e-001
    -1.4451518342228766e+000 -8.9621396776257711e+001
    3.4283360867121054e+001 1.0464188068633177e+003
    3.8070765421541553e-001 1.7267010008501410e-001
    -1.4670891913664403e+000 -1.0387846073038962e+002
    4.4762746726853550e+001 1.0837249048720112e+003</data></Extrinsic_Parameters>
