<?xml version="1.0"?>
<opencv_storage>
<calibration_Time>"03/11/14 13:27:05"</calibration_Time>
<nrOfFrames>25</nrOfFrames>
<image_Width>640</image_Width>
<image_Height>480</image_Height>
<board_Width>9</board_Width>
<board_Height>6</board_Height>
<square_Size>23.</square_Size>
<FixAspectRatio>1.</FixAspectRatio>
<!-- flags:  +fix_aspectRatio +fix_principal_point +zero_tangent_dist -->
<flagValue>14</flagValue>
<Camera_Matrix type_id="opencv-matrix">
  <rows>3</rows>
  <cols>3</cols>
  <dt>d</dt>
  <data>
    4.9087773668007156e+002 0. 3.1950000000000000e+002 0.
    4.9087773668007156e+002 2.3950000000000000e+002 0. 0. 1.</data></Camera_Matrix>
<Distortion_Coefficients type_id="opencv-matrix">
  <rows>5</rows>
  <cols>1</cols>
  <dt>d</dt>
  <data>
    -1.2802331182071905e-001 1.1687430490944961e+000 0. 0.
    -4.5781422581313063e+000</data></Distortion_Coefficients>
<Avg_Reprojection_Error>1.7358463543684215e+000</Avg_Reprojection_Error>
<Per_View_Reprojection_Errors type_id="opencv-matrix">
  <rows>25</rows>
  <cols>1</cols>
  <dt>f</dt>
  <data>
    3.83343667e-001 3.20117414e-001 3.18954498e-001 2.75635123e-001
    3.47487330e-001 2.22922340e-001 2.62757242e-001 3.90427768e-001
    6.73477232e-001 9.43910718e-001 9.23820555e-001 1.44307733e+000
    4.06862688e+000 4.30948210e+000 4.37527561e+000 3.58416557e+000
    9.93974328e-001 7.63807118e-001 4.24885005e-001 6.84685409e-001
    5.18288374e-001 4.51085657e-001 3.77882212e-001 3.73679459e-001
    3.73735905e-001</data></Per_View_Reprojection_Errors>
<!-- a set of 6-tuples (rotation vector + translation vector) for each view -->
<Extrinsic_Parameters type_id="opencv-matrix">
  <rows>25</rows>
  <cols>6</cols>
  <dt>d</dt>
  <data>
    -7.1773312041275419e-002 -8.9529313935827581e-002
    -1.8203888294157580e+000 -5.9804429785618993e+001
    1.1855388878052247e+002 4.7004734736046413e+002
    -1.0207149897233789e-001 -7.1237170040555173e-002
    -1.8090678974836139e+000 -6.2484111152325347e+001
    1.1463373799163723e+002 4.6984450350167140e+002
    -1.0477612178634631e-001 -6.1297087651970755e-002
    -1.8223288660029633e+000 -6.4210400775317908e+001
    1.1546063738569705e+002 4.7261279203318264e+002
    -1.7449202130460900e-001 -2.5378769541093429e-002
    -2.0348522992077820e+000 -4.2022849365420001e+001
    1.1251322480074498e+002 4.7208482371156839e+002
    1.0518094518262310e-002 2.8664359215627804e-002
    -2.3409017591551589e+000 -2.0188208405585275e+001
    1.0531486329304667e+002 4.7314924681571046e+002
    1.3950932876001657e-001 -1.7537298607322348e-002
    -2.3771166829472530e+000 -2.2524663974247023e+001
    1.0793660723335589e+002 4.6863765645272957e+002
    3.1424621000244302e-001 -4.5310048365705770e-002
    -2.4438061082442499e+000 -8.9576559304825825e+000
    1.0904815220232420e+002 4.6996213673986273e+002
    3.4846015000208386e-001 -2.8477235260187778e-002
    -2.5135654288318423e+000 6.6549171249675672e+000
    1.0427374826779815e+002 4.7240707876230942e+002
    6.1622092204411838e-001 9.9094222230524082e-002
    -2.5127174958781691e+000 6.4758624872774639e+000
    9.6428952411644502e+001 5.0054828317601476e+002
    7.9959045564924858e-001 1.1986367741998318e-001
    -2.5386761531010578e+000 1.1415980642529984e+001
    9.2659708857738323e+001 5.1282627786611954e+002
    9.8248678310104032e-001 1.5108023200832757e-001
    -2.5243208927459451e+000 1.0306317451417033e+001
    8.7343996215603951e+001 5.2905883779404269e+002
    1.1385441536335055e+000 2.1797401019461715e-001
    -2.4937078938380028e+000 1.3265483777752449e+001
    8.2691419198252987e+001 5.4286066998566594e+002
    1.2660006309916694e+000 2.6798036240884049e-001
    -2.4520545775619889e+000 1.1957730769266169e+001
    7.7682874955220655e+001 5.5074000221224890e+002
    1.2825330720520587e+000 2.5690124638524303e-001
    -2.4661884556869365e+000 1.6617642096443305e+001
    7.6143184602936472e+001 5.4667598834189835e+002
    1.2763162582786380e+000 2.3406568147524717e-001
    -2.4690687779635296e+000 1.8611103271141861e+001
    7.8828991467369320e+001 5.4490677597596323e+002
    1.2242176072786211e+000 2.0638253440348853e-001
    -2.4668034985283467e+000 1.5422707446988236e+001
    7.9643397475932062e+001 5.4329847131965232e+002
    9.9274800085282289e-001 1.2741349550730052e-001
    -2.5232214144007767e+000 2.6715659426059084e+001
    8.5261981568750969e+001 5.2909893069998350e+002
    6.5611752391847189e-001 6.7135034344996167e-002
    -2.5592046842179657e+000 3.6029639556333649e+001
    9.2346445952163720e+001 5.0443032358466940e+002
    -1.3840677934219398e-001 -1.4344610883987188e-001
    -2.4622660928701317e+000 1.5634396885216335e+001
    9.6066403032573007e+001 4.3714434231617901e+002
    -9.5219131556824932e-002 -2.1180144635128570e-001
    -1.6910947055707486e+000 -7.4458097962922650e+001
    1.2042158782078619e+002 4.2658545368515962e+002
    -2.1791930467624378e-002 -1.4209525133719583e-001
    -1.6350507593415342e+000 -7.8216860804197040e+001
    1.2400566288569891e+002 4.3803798999011303e+002
    -5.2340774449754048e-003 -1.1829255826050598e-001
    -1.5728203888727517e+000 -8.5868042236863843e+001
    1.2363163055466214e+002 4.4052463085443969e+002
    2.6850991092238301e-002 -1.0799712065641173e-001
    -1.5302278419714963e+000 -8.8910524997509768e+001
    1.2438786579731895e+002 4.4251038520406763e+002
    1.8418669171808948e-002 -1.0882023084258519e-001
    -1.5059263585594977e+000 -9.0520110355535110e+001
    1.2275894324280856e+002 4.4208333609439222e+002
    1.2777694740944799e-002 -1.0968946007344313e-001
    -1.4593055213760950e+000 -9.6449291355298413e+001
    1.1791857525164853e+002 4.4128256105862113e+002</data></Extrinsic_Parameters>
