%YAML:1.0
cameraMatrix: !!opencv-matrix
   rows: 3
   cols: 3
   dt: d
   data: [ 1.7491979432936214e+003, 0., 6.3865492968071590e+002, 0.,
       1.7491979432936214e+003, 6.7966436089592219e+002, 0., 0., 1. ]
focalLength: 1.7491979432936214e+003
fov: [ 3.2630095964786655e+001, 2.4763371316897221e+001 ]
principalPoint: [ 6.3865492968071590e+002, 6.7966436089592219e+002 ]
imageSize: [ 1024, 768 ]
translationVector: !!opencv-matrix
   rows: 3
   cols: 1
   dt: d
   data: [ -9.3799084954755926e+001, -8.5020192020489649e-001,
       -3.6105072015866249e+001 ]
rotationVector: !!opencv-matrix
   rows: 3
   cols: 1
   dt: d
   data: [ 1.5323052270567816e-001, 1.3943729017095358e-001,
       -1.8214134838142972e-002 ]
rotationMatrix: !!opencv-matrix
   rows: 3
   cols: 3
   dt: d
   data: [ 9.9014833105901190e-001, 2.8727685353087361e-002,
       1.3704379809136691e-001, -7.4385396533195713e-003,
       9.8813717838220183e-001, -1.5339356188147749e-001,
       -1.3982471394170387e-001, 1.5086297356579806e-001,
       9.7861607005914530e-001 ]
rotationAngleRadians: 2.0797621423320531e-001
rotationAngleDegrees: 1.1916158676147461e+001
rotationAxis: !!opencv-matrix
   rows: 3
   cols: 1
   dt: d
   data: [ 7.3676945832786245e-001, 6.7044825623473214e-001,
       -8.7577970900649837e-002 ]
euler: !!opencv-matrix
   rows: 3
   cols: 1
   dt: d
   data: [ -4.2620077729225159e-001, 8.0379276275634766e+000,
       8.8238859176635742e+000 ]
