<?xml version="1.0"?>
<opencv_storage>
<calibration_Time>"lun 17 mar 2014 12:57:03 CST"</calibration_Time>
<nrOfFrames>25</nrOfFrames>
<image_Width>640</image_Width>
<image_Height>480</image_Height>
<board_Width>9</board_Width>
<board_Height>6</board_Height>
<square_Size>23.</square_Size>
<FixAspectRatio>1.</FixAspectRatio>
<!-- flags:  +fix_aspectRatio +fix_principal_point +zero_tangent_dist -->
<flagValue>14</flagValue>
<Camera_Matrix type_id="opencv-matrix">
  <rows>3</rows>
  <cols>3</cols>
  <dt>d</dt>
  <data>
    1.0162947964585659e+03 0. 3.1950000000000000e+02 0.
    1.0162947964585659e+03 2.3950000000000000e+02 0. 0. 1.</data></Camera_Matrix>
<Distortion_Coefficients type_id="opencv-matrix">
  <rows>5</rows>
  <cols>1</cols>
  <dt>d</dt>
  <data>
    -2.7544235287963642e-01 1.9136544611716075e+00 0. 0.
    -1.3802240028192424e+01</data></Distortion_Coefficients>
<Avg_Reprojection_Error>2.3696017185646501e-01</Avg_Reprojection_Error>
<Per_View_Reprojection_Errors type_id="opencv-matrix">
  <rows>25</rows>
  <cols>1</cols>
  <dt>f</dt>
  <data>
    2.90595591e-01 3.07115585e-01 2.57316679e-01 2.49095842e-01
    2.30602518e-01 2.39858225e-01 2.27030858e-01 2.18727529e-01
    2.27871388e-01 2.36580700e-01 2.22709969e-01 2.32029676e-01
    2.38317400e-01 2.39488631e-01 2.23238230e-01 2.30682686e-01
    2.23053098e-01 2.21453637e-01 2.27013603e-01 2.26647988e-01
    2.24929318e-01 2.33963341e-01 2.26436600e-01 2.24682644e-01
    2.22064391e-01</data></Per_View_Reprojection_Errors>
<!-- a set of 6-tuples (rotation vector + translation vector) for each view -->
<Extrinsic_Parameters type_id="opencv-matrix">
  <rows>25</rows>
  <cols>6</cols>
  <dt>d</dt>
  <data>
    -2.9394675021392874e-01 -1.1064400726325309e-01
    -3.1082324997325741e+00 8.2182693626131041e+01
    9.2729814657826338e+01 4.0495846085277304e+02
    -3.1161567918096150e-01 -8.4976284338162719e-02
    -3.1092217576211034e+00 7.4579911935842546e+01
    8.5051549394473227e+01 4.0553314137998308e+02
    -3.0669057569470670e-01 -8.3178771405380408e-02
    -3.1107211861070927e+00 7.3706707415247848e+01
    8.2664658122502701e+01 4.0704349262795432e+02
    -2.9748062974757494e-01 -9.3528231169722184e-02
    -3.1131328830939577e+00 7.6447107464145247e+01
    8.0590897388270122e+01 4.0797211260698452e+02
    -2.9476191070314445e-01 -1.0475528264995400e-01
    -3.1100945765668566e+00 7.7502796427043634e+01
    7.6986008477066662e+01 4.0862898537366107e+02
    -2.9292243713740601e-01 -1.0691249554447041e-01
    -3.1088688742226416e+00 7.7993868748836775e+01
    7.6058750375217201e+01 4.0820624105891585e+02
    -2.9610787999819277e-01 -9.6916574713672113e-02
    -3.1104237456618997e+00 7.7787687723903872e+01
    7.6017066922013157e+01 4.0821900193784819e+02
    -2.9536027338629889e-01 -9.9652296540912358e-02
    -3.1088242851043804e+00 7.8237543569395868e+01
    7.5813385586692348e+01 4.0834857295616513e+02
    -2.9479326664282940e-01 -1.0124266614781377e-01
    -3.1070979337685385e+00 7.8212503742887606e+01
    7.6226055537697519e+01 4.0778674895212288e+02
    -2.9466457623321562e-01 -1.0411114933881781e-01
    -3.1078017671109377e+00 7.8708070271657647e+01
    7.5889895268325773e+01 4.0767387085873190e+02
    -2.9108211265338296e-01 -1.0578843742806601e-01
    -3.1086558790863048e+00 7.8685844210255325e+01
    7.5750720295943694e+01 4.0784584739582976e+02
    -2.9270432201911661e-01 -1.0296204008864319e-01
    -3.1066193310056649e+00 7.9052671137735473e+01
    7.5739250707151584e+01 4.0769939201496732e+02
    -2.9467586114011840e-01 -1.0525421498682004e-01
    -3.1057305324310316e+00 7.8903425929179420e+01
    7.5196904830746604e+01 4.0759630638264991e+02
    -2.9253697656972638e-01 -1.0378711046607704e-01
    -3.1044015822377649e+00 7.8875168270223227e+01
    7.5905782664462592e+01 4.0753748826381531e+02
    -2.9451269007246328e-01 -1.0249900398912148e-01
    -3.1032596236318732e+00 7.8672323316343139e+01
    7.6121987990901474e+01 4.0733860060105189e+02
    -2.9761752153909327e-01 -1.0643716733872255e-01
    -3.1011702772114766e+00 7.8407144153011998e+01
    7.6197430477154398e+01 4.0689040174172106e+02
    -2.9545391219225375e-01 -1.0470833467553399e-01
    -3.1020247603958642e+00 7.8688818316735947e+01
    7.5841253518478567e+01 4.0724599637020935e+02
    -2.9653065768202647e-01 -1.0858557853837737e-01
    -3.1019710456068879e+00 7.8730770577590874e+01
    7.5091401069158636e+01 4.0726254426360441e+02
    -2.9136543418500588e-01 -1.0611819226055239e-01
    -3.1034217297556248e+00 7.8689616369390365e+01
    7.5045320239064026e+01 4.0737785567457638e+02
    -2.9512332404147551e-01 -1.0900216860310478e-01
    -3.1029287425792376e+00 7.8810898868662548e+01
    7.5339329356149676e+01 4.0653919664994476e+02
    -2.9191690044785618e-01 -1.0902183031827972e-01
    -3.1024251020588727e+00 7.8442945286621580e+01
    7.4749247331674482e+01 4.0734058491100757e+02
    -2.9010702551741835e-01 -1.0792389894471606e-01
    -3.1036292335790909e+00 7.8987847461905474e+01
    7.4336266114490414e+01 4.0757010252218720e+02
    -2.9308657985092490e-01 -1.1399035713019297e-01
    -3.1017928444916762e+00 7.8563734216724129e+01
    7.3741215454155466e+01 4.0743136004290648e+02
    -2.9680466823521368e-01 -1.1471793318231155e-01
    -3.0992851233061463e+00 7.8551153981575268e+01
    7.3782488303978639e+01 4.0699244950712557e+02
    -2.9571499966397347e-01 -1.1780979194773578e-01
    -3.0983376044183975e+00 7.8557007151537562e+01
    7.3911793502070580e+01 4.0679985204106754e+02</data></Extrinsic_Parameters>
