<?xml version="1.0"?>
<opencv_storage>
<calibration_Time>"mié 19 mar 2014 23:20:47 CST"</calibration_Time>
<nrOfFrames>25</nrOfFrames>
<image_Width>640</image_Width>
<image_Height>480</image_Height>
<board_Width>9</board_Width>
<board_Height>6</board_Height>
<square_Size>23.</square_Size>
<FixAspectRatio>1.</FixAspectRatio>
<!-- flags:  +fix_aspectRatio +fix_principal_point +zero_tangent_dist -->
<flagValue>14</flagValue>
<Camera_Matrix type_id="opencv-matrix">
  <rows>3</rows>
  <cols>3</cols>
  <dt>d</dt>
  <data>
    2.0358837412468658e+03 0. 3.1950000000000000e+02 0.
    2.0358837412468658e+03 2.3950000000000000e+02 0. 0. 1.</data></Camera_Matrix>
<Distortion_Coefficients type_id="opencv-matrix">
  <rows>5</rows>
  <cols>1</cols>
  <dt>d</dt>
  <data>
    -7.1064301402618602e-01 7.3573110279942453e+00 0. 0.
    9.8815216686128036e+00</data></Distortion_Coefficients>
<Avg_Reprojection_Error>1.3304338056540108e-01</Avg_Reprojection_Error>
<Per_View_Reprojection_Errors type_id="opencv-matrix">
  <rows>25</rows>
  <cols>1</cols>
  <dt>f</dt>
  <data>
    1.51121780e-01 1.19938388e-01 1.58357799e-01 1.84651837e-01
    1.31094813e-01 1.00042664e-01 1.07631683e-01 1.16192318e-01
    1.21297799e-01 1.16170973e-01 1.12329930e-01 1.86622769e-01
    1.04623400e-01 1.81614712e-01 1.27894089e-01 1.42037824e-01
    1.16386943e-01 1.61497369e-01 1.08097538e-01 1.13957785e-01
    1.22518651e-01 1.18979521e-01 1.17895640e-01 1.38965011e-01
    1.05092846e-01</data></Per_View_Reprojection_Errors>
<!-- a set of 6-tuples (rotation vector + translation vector) for each view -->
<Extrinsic_Parameters type_id="opencv-matrix">
  <rows>25</rows>
  <cols>6</cols>
  <dt>d</dt>
  <data>
    2.1722451907180407e-02 -1.1273809989632552e-01
    -3.3365030319818134e-02 -8.8220852739960378e+01
    -6.9933741161420400e+01 1.2597115126097583e+03
    3.2070328601697548e-02 -1.1233608440310074e-01
    -2.9707980612539715e-02 -8.4677914380994125e+01
    -6.9410058229069449e+01 1.2590089943913465e+03
    5.8275741801193978e-02 -9.2905499283921444e-02
    -3.1798724650312873e-02 -8.3732728510228483e+01
    -7.3743230928043218e+01 1.2551865310587380e+03
    1.8894671422082478e-02 -1.2560298231784320e-01
    -3.2437132588917963e-02 -8.2581831773688876e+01
    -7.0792602496809138e+01 1.2516915716425631e+03
    3.2954999581434288e-02 -9.5325231372973399e-02
    -2.4519813225921620e-02 -7.5981267530107260e+01
    -7.2048195096063054e+01 1.2575347679746124e+03
    5.3432267940852367e-02 -9.8737242172201728e-02
    -2.0928298824708456e-02 -7.4385024746912919e+01
    -7.1471295908436446e+01 1.2542508533225798e+03
    4.3370291845149622e-02 -1.0420722316401287e-01
    -2.3824961977077612e-02 -7.5788751715564288e+01
    -6.9801140802987888e+01 1.2537477359251036e+03
    2.8560583975496327e-02 -8.6766636978391654e-02
    -2.5449178120720502e-02 -7.2717175197753534e+01
    -6.8373399384848085e+01 1.2590425793080842e+03
    3.0147313672287374e-02 -8.9190319736578344e-02
    -2.4675055138975912e-02 -7.1153906139129901e+01
    -7.3943908883362155e+01 1.2534521859966749e+03
    3.1933888455230958e-02 -8.7584836149159101e-02
    -2.5833240982536764e-02 -7.2181132427249636e+01
    -7.5602502349731012e+01 1.2521070242999447e+03
    4.2294602033854822e-02 -9.4393451508489240e-02
    -2.5836249178409772e-02 -6.9735507131180526e+01
    -7.7610252270494769e+01 1.2447497677123586e+03
    3.7363125721980521e-02 -1.1837835328428051e-01
    -2.6713868513971319e-02 -6.8265190264474029e+01
    -6.6822829273491280e+01 1.2414214563167175e+03
    -4.4979984737516680e-04 -8.5961146462396804e-02
    -3.3743100631024016e-02 -6.7792776152399057e+01
    -5.8096615160403864e+01 1.2573633978637149e+03
    4.8153311935218469e-02 -7.9301753508639786e-02
    -3.1459003343689222e-02 -6.8909502998424912e+01
    -6.1862307951676264e+01 1.2550051384374058e+03
    3.9009430361404057e-02 -8.2900455957463551e-02
    -2.7797078414396024e-02 -6.9841456495678216e+01
    -6.7963549064383670e+01 1.2505970521066020e+03
    2.0503253301978067e-02 -1.0935998689386102e-01
    -3.2508755509389885e-02 -6.9645701121278634e+01
    -6.8156842314867347e+01 1.2445232116535599e+03
    2.8769917932330333e-02 -1.0107860151575494e-01
    -3.1328653715103856e-02 -6.9129473181411228e+01
    -6.9608574548612893e+01 1.2439932636973160e+03
    3.5623341630156145e-02 -6.9582650625892195e-02
    -3.0180075394771182e-02 -6.8199550752351655e+01
    -6.9338195405235467e+01 1.2520661713275904e+03
    3.2490088340998396e-02 -8.3027771386230562e-02
    -3.3449994869424793e-02 -6.8552045430358206e+01
    -7.0834737063582949e+01 1.2457680722675832e+03
    3.9502542220220788e-02 -9.8365416770765171e-02
    -3.3167426625187145e-02 -7.0902803095818982e+01
    -6.9831187628234730e+01 1.2427994536923343e+03
    2.9206732813432737e-03 -9.2432463937277276e-02
    -3.2701467507370983e-02 -6.8202073076757117e+01
    -6.7789925490529853e+01 1.2465949784277475e+03
    3.5488625936229826e-02 -9.7993763892051153e-02
    -3.2230446815523540e-02 -6.8404076146440829e+01
    -6.8866714399182911e+01 1.2426824272866090e+03
    2.9428126295231779e-02 -8.0563283442046829e-02
    -3.3275953308014285e-02 -6.7005418487752834e+01
    -6.8911360070864049e+01 1.2467146526638219e+03
    2.7701115322010608e-02 -8.8018189825680493e-02
    -3.2861104191139447e-02 -6.2139576030518477e+01
    -6.7622311170071995e+01 1.2439436602449077e+03
    2.7304183338803446e-02 -7.4125294375185238e-02
    -3.3228099967841422e-02 -6.2669615489984118e+01
    -6.5570639742055704e+01 1.2499252940905046e+03</data></Extrinsic_Parameters>
